10129 10202 10303 10403 10501 10702 10803 11000 10900
10149 10201 10303 10416 10501 10703 10804 11000 10900
10149 10202 10303 10479 10501 10703 10804 11000 10900
10149 10203 10302 10479 10501 10703 10803 11000 10900
10139 10203 10303 10479 10501 10703 10802 11000 10900
10119 10204 10304 10400 10501 10703 10803 11000 10900
10139 10202 10303 10456 10501 10703 10802 11000 10900
10129 10203 10303 10401 10501 10703 10802 11000 10600 10900
10129 10202 10303 10403 10501 10703 10804 11000 10900
10149 10201 10301 10479 10501 10702 10802 11000
10139 10201 10303 10402 10501 10703 10803 11000 10600
10149 10201 10304 10404 10501 10701 10803 11000 10900
10149 10204 10304 10401 10501 10701 10804 11000 10600 10900
10149 10202 10304 10401 10501 10703 10803 11000 10600 10900
10139 10203 10304 10402 10501 10702 10803 11000 10900
10129 10202 10304 10400 10501 10704 10801 11000 10900
10149 10201 10301 10479 10501 10702 10804 11000 10900
10139 10202 10302 10456 10501 10702 10804 11000 10900
10139 10202 10302 10479 10501 10702 10803 11000 10900
10139 10202 10301 10456 10501 10702 10801 11000
10129 10203 10304 10401 10501 10704 10801 11000 10600 10900
10129 10203 10304 10400 10501 10703 10801 11000 10600 10900
10149 10204 10304 10401 10500 10701 10804 11000 10900
10139 10204 10304 10401 10501 10701 10804 11000 10900
10149 10204 10304 10456 10501 10701 10804 11000 10900
10149 10202 10304 10479 10501 10703 10803 11000 10900
10139 10204 10304 10401 10501 10701 10804 11000 10600 10900
10129 10204 10304 10400 10501 10701 10804 11000 10600 10900
10129 10204 10304 10400 10501 10702 10802 11000 10600 10900
10149 10201 10302 10479 10501 10702 10804 11000 10900
10139 10203 10304 10402 10501 10701 10804 11000 10900
10139 10204 10304 10402 10501 10703 10802 11000 10900
10129 10202 10304 10400 10501 10701 10802 11000 10600 10900
10139 10202 10302 10402 10501 10703 10801 11000 10900
10129 10202 10303 10401 10501 10703 10803 11000 10900
10149 10201 10303 10479 10501 10703 10802 11000
10149 10201 10302 10479 10501 10703 10801 11000 10600 10900
10129 10203 10303 10404 10501 10703 10802 11000 10900
10149 10202 10302 10403 10501 10703 10804 11000 10900
10129 10202 10302 10401 10501 10702 10804 11000 10900
10129 10201 10301 10403 10501 10703 10801 11000 10900
10149 10202 10303 10400 10501 10701 10803 11000 10600 10900
10149 10202 10304 10402 10501 10701 10803 11000 10900
10149 10204 10304 10402 10500 10701 10804 11000 10900
10129 10202 10302 10401 10501 10703 10802 11000 10900
10129 10201 10304 10401 10501 10702 10801 11000 10900
10139 10204 10304 10402 10501 10702 10803 11000 10900
10149 10204 10304 10400 10501 10702 10804 11000 10900
10129 10204 10304 10401 10501 10701 10804 11000 10900
10129 10204 10304 10400 10501 10701 10804 11000 10600 10900
10139 10204 10304 10400 10501 10701 10804 11000 10600 10900
10149 10204 10304 10479 10500 10702 10804 11000 10900
10149 10203 10304 10479 10501 10703 10803 11000 10900
10139 10204 10304 10401 10500 10702 10803 11000 10600 10900
10139 10202 10304 10456 10501 10702 10803 11000 10900
10129 10202 10302 10402 10501 10702 10802 11000
10149 10204 10304 10456 10501 10701 10804 11000 10600 10900
10139 10203 10304 10479 10501 10702 10801 11000 10900
10129 10202 10303 10400 10501 10703 10804 11000 10900
10149 10204 10304 10456 10501 10701 10802 11000 10900
10149 10203 10303 10416 10501 10703 10803 11000 10900
10129 10202 10303 10401 10501 10702 10803 11000 10900
10149 10201 10302 10402 10501 10701 10803 11000 10600 10900
10129 10202 10303 10401 10501 10702 10801 11000 10900
10129 10202 10304 10401 10501 10701 10803 11000 10600 10900
10129 10202 10304 10401 10501 10703 10801 11000 10900
10149 10204 10302 10479 10501 10703 10803 11000 10900
10139 10202 10303 10403 10501 10703 10801 11000 10900
10129 10203 10304 10402 10501 10703 10804 11000 10900
10129 10204 10304 10401 10501 10703 10803 11000 10600 10900
10149 10202 10303 10404 10501 10702 10803 11000 10900
10149 10202 10303 10479 10501 10701 10804 11000 10900
10129 10202 10303 10401 10501 10701 10801 11000 10900
10129 10202 10303 10401 10501 10701 10802 11000 10900
10129 10203 10304 10400 10501 10702 10803 11000 10900
10129 10203 10304 10401 10501 10702 10803 11000 10900
10129 10204 10304 10400 10501 10702 10804 11000 10600 10900
10149 10203 10304 10403 10501 10701 10804 11000 10900
10139 10202 10303 10402 10501 10703 10802 11000 10900
10139 10204 10304 10401 10501 10701 10804 11000 10600 10900
10129 10204 10304 10400 10500 10701 10804 11000 10900
10149 10204 10304 10456 10500 10701 10804 11000 10600 10900
10129 10202 10304 10401 10501 10704 10804 11000 10600 10900
10129 10204 10304 10400 10500 10701 10804 11000 10600 10900
10139 10204 10304 10402 10501 10701 10804 11000 10900
10139 10204 10304 10402 10501 10701 10804 11000 10900
10129 10204 10304 10401 10501 10701 10803 11000 10900
10139 10204 10304 10403 10500 10701 10804 11000 10900
10129 10202 10304 10404 10501 10701 10804 11000 10900
10129 10202 10302 10403 10501 10702 10801 11000 10600 10900
10129 10202 10303 10400 10501 10702 10801 11000 10900
10149 10202 10304 10456 10501 10701 10804 11000 10900
10129 10202 10302 10403 10501 10702 10801 11000 10900
10139 10202 10302 10401 10501 10703 10802 11000 10600 10900
10149 10201 10302 10403 10501 10701 10803 11000 10900
10149 10201 10303 10416 10501 10702 10803 11000
10149 10202 10303 10401 10501 10702 10803 11000 10600 10900
10129 10204 10304 10456 10501 10702 10801 11000 10900
10119 10202 10302 10403 10501 10703 10801 11000 10900
10129 10202 10303 10456 10501 10702 10801 11000 10900
10129 10201 10302 10404 10501 10703 10801 11000
10119 10202 10303 10400 10501 10702 10802 11000 10600 10900
10129 10202 10304 10403 10501 10703 10802 11000 10600 10900
10129 10204 10303 10404 10501 10702 10803 11000 10900
10129 10202 10304 10402 10501 10703 10803 11000 10900
10149 10203 10303 10403 10501 10703 10802 11000 10900
10129 10204 10304 10400 10501 10701 10801 11000 10900
10149 10203 10304 10404 10501 10701 10803 11000 10600 10900
10129 10202 10303 10402 10501 10703 10801 11000 10900
10129 10202 10303 10403 10501 10703 10801 11000 10900
10149 10204 10304 10401 10501 10703 10803 11000 10600 10900
10139 10203 10303 10479 10501 10702 10803 11000 10600 10900
10129 10204 10304 10401 10501 10701 10804 11000 10900
10139 10202 10302 10404 10501 10703 10803 11000 10900
10129 10203 10304 10400 10501 10701 10803 11000 10900
10139 10204 10304 10401 10501 10701 10804 11000 10900
10139 10204 10304 10403 10500 10703 10803 11000 10600 10900
10149 10203 10304 10401 10501 10701 10803 11000 10900
10149 10204 10303 10456 10501 10702 10803 11000 10900
10129 10202 10303 10402 10501 10703 10803 11000 10900
10139 10201 10302 10401 10501 10702 10804 11000
10139 10202 10303 10456 10501 10702 10803 11000 10900
10129 10203 10304 10402 10501 10703 10803 11000 10900
10129 10202 10303 10401 10500 10703 10802 11000 10900
10149 10202 10301 10403 10501 10703 10802 11000 10600 10900
10139 10203 10304 10402 10501 10701 10802 11000
10149 10204 10304 10401 10501 10701 10803 11000 10900
10139 10202 10303 10402 10501 10703 10802 11000
10149 10201 10303 10402 10501 10702 10802 11000 10600
10129 10203 10304 10400 10501 10701 10803 11000 10900
10149 10203 10304 10403 10501 10703 10801 11000 10900
10139 10204 10304 10400 10500 10701 10803 11000 10600 10900
10149 10201 10302 10479 10501 10703 10801 11000 10900
10129 10203 10304 10401 10501 10703 10801 11000
10129 10204 10304 10401 10501 10701 10803 11000 10900
10129 10203 10303 10403 10501 10702 10804 11000 10600 10900
10129 10204 10304 10402 10501 10703 10803 11000 10900
10129 10203 10303 10402 10501 10702 10802 11000 10900
10139 10204 10304 10402 10500 10703 10801 11000 10900
10129 10204 10304 10401 10501 10701 10804 11000 10900
10139 10204 10304 10402 10501 10701 10803 11000 10900
10139 10204 10304 10400 10500 10703 10803 11000 10600 10900
10149 10204 10304 10401 10501 10701 10803 11000 10600 10900
10139 10204 10304 10402 10500 10703 10803 11000 10900
10139 10202 10304 10402 10501 10703 10804 11000 10900
10139 10204 10304 10403 10501 10701 10804 11000 10900
10149 10204 10304 10404 10501 10702 10803 11000 10900
10149 10204 10304 10402 10501 10701 10804 11000 10900
10139 10204 10304 10401 10501 10701 10803 11000 10600 10900
10149 10204 10304 10456 10501 10701 10804 11000 10900
10149 10204 10304 10403 10501 10702 10804 11000 10900
10129 10201 10303 10404 10501 10703 10802 11000 10900
10149 10203 10304 10402 10501 10701 10804 11000
10129 10204 10304 10402 10501 10702 10804 11000 10900
10149 10201 10302 10404 10501 10702 10802 11000 10900
10149 10201 10301 10479 10501 10702 10803 11000
10139 10204 10304 10402 10501 10702 10804 11000 10600 10900
10139 10202 10304 10404 10501 10703 10802 11000 10900
10149 10201 10304 10456 10501 10701 10802 11000
10129 10202 10302 10402 10501 10703 10801 11000 10900
10129 10201 10301 10403 10501 10702 10801 11000
10139 10204 10304 10400 10501 10701 10804 11000 10600 10900
10149 10201 10303 10400 10501 10702 10803 11000 10900
10149 10203 10303 10401 10501 10703 10803 11000 10600 10900
10139 10204 10304 10404 10501 10702 10803 11000 10900
10139 10203 10304 10401 10501 10702 10804 11000 10900
10149 10203 10304 10456 10501 10701 10804 11000 10900
10129 10204 10304 10401 10501 10701 10804 11000 10900
10129 10204 10304 10400 10501 10702 10804 11000 10900
10129 10203 10304 10400 10501 10702 10804 11000 10600 10900
10149 10204 10304 10404 10501 10701 10804 11000 10900
10149 10202 10302 10479 10501 10703 10801 11000 10600 10900
10129 10202 10304 10401 10501 10702 10804 11000 10900
10129 10203 10303 10402 10501 10703 10804 11000 10900
10129 10203 10302 10402 10501 10703 10802 11000 10900
10139 10202 10304 10400 10501 10703 10804 11000 10600 10900
10129 10204 10304 10400 10500 10701 10803 11000 10900
10139 10202 10304 10404 10501 10701 10804 11000 10600 10900
10149 10202 10304 10402 10501 10702 10804 11000 10600 10900
10149 10202 10301 10416 10501 10702 10804 11000 10600 10900
10139 10204 10304 10402 10501 10701 10804 11000 10600 10900
10129 10202 10304 10401 10501 10702 10802 11000 10900
10149 10201 10303 10416 10501 10703 10803 11000 10900
10149 10202 10301 10403 10501 10704 10803 11000 10600 10900
10139 10203 10304 10456 10501 10702 10802 11000 10600 10900
10139 10202 10303 10401 10501 10703 10804 11000 10900
10129 10202 10304 10400 10501 10703 10802 11000 10900
10139 10202 10303 10404 10501 10703 10801 11000
10119 10203 10303 10402 10501 10703 10802 11000 10900
10129 10203 10302 10403 10501 10703 10802 11000 10900
10139 10201 10302 10404 10501 10704 10801 11000 10900
10139 10203 10304 10403 10501 10703 10802 11000 10600 10900
10149 10201 10301 10416 10501 10704 10801 11000
10129 10203 10303 10402 10501 10703 10803 11000 10900
10119 10203 10304 10400 10501 10703 10801 11000 10600 10900
10149 10201 10302 10456 10501 10703 10803 11000
10129 10202 10302 10403 10501 10703 10801 11000 10600 10900
10139 10203 10304 10456 10501 10702 10804 11000 10900
10139 10201 10301 10456 10501 10702 10802 11000 10900
10139 10202 10304 10402 10501 10703 10803 11000 10900
10149 10201 10304 10416 10500 10702 10802 11000
10129 10202 10304 10400 10501 10703 10803 11000 10900
10139 10202 10304 10402 10501 10702 10804 11000 10600 10900
10129 10202 10303 10402 10501 10703 10803 11000 10900
10149 10203 10304 10401 10501 10701 10802 11000 10900
10129 10202 10303 10402 10501 10703 10801 11000 10900
10129 10202 10304 10400 10501 10703 10801 11000 10900
10139 10203 10304 10400 10501 10702 10803 11000 10600 10900
10139 10204 10304 10401 10501 10701 10804 11000 10900
10139 10202 10303 10403 10501 10703 10802 11000 10600 10900
10149 10203 10303 10401 10500 10703 10804 11000 10900
10149 10201 10302 10401 10501 10703 10803 11000 10600 10900
10129 10203 10304 10403 10501 10703 10802 11000 10900
10149 10201 10303 10456 10501 10703 10802 11000 10900
10149 10201 10303 10479 10501 10703 10801 11000 10900
10129 10203 10304 10402 10501 10702 10802 11000 10600 10900
10149 10203 10302 10401 10501 10703 10803 11000 10900
10139 10203 10302 10479 10501 10702 10803 11000 10600
10139 10203 10302 10404 10501 10702 10802 11000
10139 10203 10303 10402 10501 10702 10803 11000 10600 10900
10129 10202 10303 10401 10501 10703 10803 11000 10900
10129 10203 10304 10400 10501 10703 10803 11000 10900
10139 10201 10302 10402 10501 10702 10802 11000
10129 10201 10302 10400 10501 10702 10804 11000 10900
10149 10204 10304 10404 10501 10701 10804 11000 10900
10139 10204 10304 10404 10501 10701 10803 11000 10600 10900
10139 10203 10303 10402 10501 10701 10804 11000 10900
10149 10201 10303 10401 10501 10702 10803 11000
10149 10201 10304 10479 10501 10703 10803 11000 10900
10129 10203 10304 10400 10501 10703 10802 11000 10900
10149 10201 10303 10404 10501 10703 10804 11000
10129 10202 10304 10401 10501 10701 10803 11000 10900
10129 10203 10304 10400 10501 10703 10801 11000 10600 10900
10129 10202 10303 10401 10501 10702 10804 11000 10900
10139 10201 10301 10456 10501 10703 10801 11000 10600
10129 10202 10303 10401 10501 10703 10804 11000 10600 10900
10139 10202 10303 10456 10501 10703 10802 11000 10600 10900
10129 10204 10304 10401 10501 10703 10803 11000 10900
10139 10203 10303 10456 10501 10703 10803 11000 10900
10129 10203 10303 10401 10501 10702 10803 11000 10900
10119 10203 10304 10401 10501 10702 10803 11000 10900
10149 10203 10303 10404 10501 10702 10802 11000 10900
10149 10201 10304 10404 10501 10703 10803 11000 10900
10129 10204 10304 10402 10501 10701 10803 11000 10900
10139 10203 10304 10404 10501 10701 10804 11000 10900
10139 10204 10304 10402 10500 10701 10804 11000 10900
10139 10204 10304 10402 10501 10701 10803 11000 10600 10900
10129 10204 10304 10402 10501 10701 10804 11000 10900
10129 10204 10304 10401 10501 10701 10802 11000 10900
10149 10203 10302 10416 10501 10702 10802 11000 10600
10139 10204 10304 10403 10500 10701 10802 11000 10900
10139 10204 10304 10456 10501 10703 10803 11000 10900
10129 10203 10303 10401 10501 10703 10802 11000 10900
10129 10204 10304 10401 10501 10701 10804 11000 10600 10900
10149 10201 10303 10404 10501 10703 10803 11000
10139 10204 10304 10402 10501 10703 10803 11000 10900
10139 10203 10304 10402 10500 10702 10804 11000 10900
10149 10201 10302 10479 10501 10703 10804 11000 10900
10149 10202 10302 10401 10501 10703 10802 11000 10600 10900
10139 10203 10303 10401 10500 10703 10804 11000 10900
10149 10201 10302 10479 10501 10703 10802 11000 10600 10900
10149 10201 10303 10456 10501 10703 10802 11000 10600 10900
10129 10203 10303 10403 10501 10702 10804 11000 10600 10900
10129 10203 10303 10400 10501 10702 10802 11000 10900
10139 10202 10304 10456 10501 10703 10802 11000 10900
10129 10204 10304 10400 10501 10701 10803 11000 10900
10149 10203 10304 10456 10501 10702 10804 11000 10900
10149 10203 10304 10416 10501 10703 10802 11000 10600 10900
10139 10203 10303 10479 10501 10703 10801 11000 10900
10149 10201 10301 10456 10501 10703 10801 11000 10600 10900
10139 10204 10304 10402 10501 10701 10804 11000 10900
10129 10203 10304 10401 10501 10703 10804 11000 10900
10129 10203 10304 10401 10501 10702 10801 11000 10900
10149 10202 10304 10456 10500 10702 10803 11000 10900
10129 10203 10304 10402 10501 10702 10803 11000 10600 10900
10139 10203 10304 10401 10500 10702 10803 11000 10900
10149 10202 10301 10456 10500 10702 10804 11000 10900
10139 10202 10303 10400 10501 10702 10804 11000 10900
10149 10203 10304 10456 10501 10703 10804 11000 10900
10149 10204 10304 10403 10501 10702 10804 11000 10900
10149 10202 10303 10456 10501 10703 10803 11000 10600 10900
10129 10202 10304 10402 10501 10703 10801 11000 10900
10129 10204 10304 10400 10501 10701 10804 11000 10900
10149 10203 10303 10456 10501 10703 10804 11000 10900
10129 10202 10304 10402 10501 10704 10804 11000 10600
10149 10204 10304 10456 10500 10702 10804 11000 10900
10129 10204 10304 10400 10501 10701 10804 11000 10600 10900
10129 10202 10304 10404 10501 10703 10803 11000 10900
10129 10202 10301 10400 10501 10703 10802 11000 10900
10139 10201 10303 10400 10501 10702 10802 11000
10129 10204 10304 10401 10501 10702 10802 11000 10900
10139 10204 10304 10404 10501 10701 10804 11000 10900
10149 10201 10302 10402 10501 10702 10804 11000 10900
10149 10204 10304 10403 10501 10703 10804 11000 10900
10129 10204 10304 10401 10501 10701 10803 11000 10900
10149 10203 10304 10456 10501 10701 10804 11000 10900
10149 10203 10304 10479 10501 10701 10804 11000 10900
10149 10204 10304 10402 10501 10701 10804 11000 10900
10129 10204 10304 10403 10500 10701 10804 11000 10900
10129 10204 10304 10401 10501 10701 10804 11000 10900
10129 10201 10302 10479 10501 10702 10804 11000 10900
10129 10204 10302 10400 10501 10702 10802 11000 10600 10900
10129 10203 10303 10401 10501 10703 10804 11000 10900
10129 10202 10304 10402 10501 10703 10804 11000 10900
10129 10204 10304 10401 10501 10702 10804 11000 10600 10900
10129 10204 10304 10402 10501 10703 10803 11000 10600 10900
10149 10201 10302 10402 10501 10702 10804 11000 10900
10139 10203 10304 10456 10501 10701 10804 11000 10900
10129 10203 10303 10400 10501 10702 10802 11000 10900
10129 10203 10304 10402 10501 10702 10803 11000 10900
10149 10203 10304 10403 10501 10702 10803 11000 10900
10139 10203 10303 10402 10501 10702 10804 11000 10600 10900
10129 10201 10304 10402 10501 10703 10803 11000 10600
10149 10204 10304 10402 10501 10703 10804 11000 10900
10139 10202 10302 10400 10500 10703 10803 11000 10600 10900
10139 10202 10303 10456 10500 10702 10804 11000 10600 10900
10129 10201 10304 10402 10501 10702 10803 11000 10600 10900
10139 10203 10303 10456 10501 10703 10804 11000 10600 10900
10119 10203 10304 10401 10501 10703 10803 11000 10900
10139 10202 10303 10404 10500 10702 10804 11000 10900
10149 10204 10304 10403 10500 10703 10804 11000 10900
10149 10201 10301 10402 10501 10703 10804 11000 10600 10900
10149 10203 10304 10402 10500 10701 10804 11000 10900
10129 10201 10303 10400 10501 10703 10804 11000 10600
10129 10204 10304 10401 10500 10701 10803 11000 10900
10129 10204 10304 10401 10500 10702 10803 11000 10900
10149 10201 10303 10404 10501 10703 10803 11000
10139 10204 10304 10402 10500 10703 10804 11000 10900
10149 10204 10304 10404 10501 10703 10804 11000 10900
10139 10203 10304 10401 10500 10703 10804 11000 10900
10139 10203 10304 10401 10500 10702 10804 11000 10900
10139 10201 10302 10400 10501 10704 10804 11000 10600 10900
10129 10201 10302 10401 10501 10703 10804 11000 10600 10900
10149 10204 10304 10401 10500 10701 10804 11000 10900
10129 10204 10304 10401 10500 10703 10804 11000 10900
10139 10202 10302 10479 10501 10702 10802 11000
10139 10204 10303 10400 10500 10703 10803 11000 10600 10900
10139 10204 10304 10403 10501 10702 10804 11000 10600 10900
10129 10204 10304 10400 10501 10702 10804 11000 10600 10900
10129 10203 10304 10403 10501 10702 10801 11000 10900
10139 10202 10303 10404 10501 10703 10802 11000 10600 10900
10149 10203 10303 10479 10501 10704 10803 11000 10900
10129 10204 10304 10400 10500 10702 10804 11000 10900
10149 10203 10304 10403 10500 10703 10804 11000 10900
10129 10204 10304 10401 10501 10703 10803 11000 10900
10129 10204 10304 10401 10500 10702 10804 11000 10900
10139 10204 10304 10401 10500 10703 10804 11000 10600 10900
10139 10201 10302 10404 10501 10703 10802 11000
10129 10202 10302 10403 10501 10703 10803 11000 10900
10129 10203 10303 10401 10501 10703 10801 11000 10900
10119 10202 10302 10402 10501 10703 10801 11000 10900
10149 10201 10302 10456 10501 10703 10801 11000
10129 10202 10302 10402 10501 10703 10801 11000
10139 10202 10302 10401 10501 10702 10801 11000 10900
10139 10202 10303 10479 10501 10703 10802 11000 10900
10129 10202 10302 10401 10501 10703 10802 11000 10600
10129 10202 10304 10402 10501 10701 10804 11000 10900
10129 10202 10304 10404 10501 10703 10804 11000 10900
10149 10202 10303 10400 10501 10701 10802 11000 10900
10129 10202 10303 10400 10501 10702 10804 11000 10900
10119 10203 10304 10401 10501 10703 10801 11000 10900
10149 10203 10303 10404 10501 10702 10804 11000 10900
10139 10201 10303 10400 10501 10703 10804 11000 10900
10139 10202 10303 10402 10501 10702 10804 11000 10600 10900
10129 10203 10302 10400 10501 10702 10802 11000 10900
10129 10202 10303 10403 10501 10703 10804 11000 10900
10149 10203 10303 10403 10501 10702 10804 11000 10600 10900
10129 10204 10304 10401 10501 10702 10803 11000 10900
10139 10202 10303 10479 10501 10703 10803 11000 10600 10900
10129 10203 10303 10456 10501 10703 10803 11000 10900
10139 10203 10303 10456 10501 10701 10804 11000 10900
10139 10202 10303 10404 10501 10702 10803 11000 10900
10119 10202 10303 10401 10501 10703 10802 11000 10900
10139 10203 10304 10403 10501 10701 10804 11000 10900
10149 10201 10303 10400 10501 10703 10803 11000
10129 10203 10303 10402 10501 10702 10802 11000 10900
10149 10203 10303 10403 10501 10702 10802 11000
10139 10202 10304 10456 10501 10702 10803 11000 10900
10119 10202 10303 10401 10501 10702 10803 11000 10900
10149 10201 10302 10479 10501 10703 10803 11000
10139 10203 10303 10456 10501 10702 10802 11000 10900
10139 10202 10304 10456 10500 10702 10802 11000 10900
10139 10202 10303 10402 10500 10703 10803 11000 10600 10900
10129 10202 10303 10401 10501 10702 10801 11000 10600 10900
10139 10202 10304 10456 10501 10703 10803 11000 10900
10139 10204 10304 10402 10501 10701 10804 11000 10600 10900
10149 10204 10304 10403 10501 10701 10804 11000 10600
10119 10204 10304 10400 10500 10703 10804 11000 10900
10129 10202 10304 10401 10501 10703 10804 11000 10600 10900
10129 10202 10303 10401 10501 10703 10804 11000 10900
10139 10204 10304 10400 10501 10703 10803 11000 10600 10900
10139 10204 10304 10456 10501 10703 10804 11000 10900
10149 10201 10304 10456 10501 10701 10804 11000 10900
10129 10203 10303 10400 10501 10703 10804 11000 10900
10129 10204 10304 10400 10501 10702 10804 11000 10600 10900
10139 10204 10304 10402 10500 10701 10804 11000 10900
10149 10201 10303 10456 10501 10702 10804 11000 10900
10149 10201 10301 10479 10501 10702 10802 11000 10600
10119 10202 10302 10400 10501 10702 10802 11000 10900
10149 10201 10302 10403 10501 10702 10801 11000
10139 10201 10302 10402 10501 10703 10801 11000
10139 10203 10304 10456 10501 10701 10804 11000 10900
10149 10202 10302 10479 10501 10702 10802 11000 10900
10149 10201 10302 10401 10501 10703 10804 11000
10129 10203 10304 10404 10501 10701 10803 11000 10600 10900
10129 10203 10303 10402 10501 10703 10803 11000 10900
10129 10202 10302 10403 10501 10702 10804 11000 10900
10149 10203 10303 10402 10501 10702 10804 11000 10900
10139 10203 10303 10402 10501 10702 10802 11000 10600 10900
10119 10203 10303 10401 10501 10702 10804 11000 10900
10149 10202 10303 10404 10501 10702 10804 11000 10600 10900
10149 10202 10304 10402 10501 10703 10804 11000 10900
10149 10201 10301 10401 10501 10703 10804 11000 10900
10129 10202 10302 10402 10501 10703 10801 11000 10900
10129 10202 10303 10403 10501 10703 10804 11000 10900
10139 10203 10303 10456 10501 10703 10804 11001 10900
10149 10204 10303 10456 10501 10701 10804 11001 10900
10139 10204 10304 10404 10501 10701 10804 11001 10900
10129 10204 10304 10402 10501 10701 10804 11001 10600 10900
10139 10203 10303 10456 10501 10701 10803 11001 10600 10900
10139 10203 10304 10403 10501 10701 10803 11001 10900
10149 10202 10304 10404 10501 10703 10803 11001 10900
10139 10204 10304 10402 10501 10701 10804 11001 10900
10129 10202 10304 10456 10501 10703 10804 11001 10900
10149 10202 10303 10479 10501 10703 10804 11001 10900
10139 10204 10304 10402 10500 10701 10804 11001 10600 10900
10139 10204 10304 10404 10501 10701 10804 11001 10900
10129 10201 10301 10402 10501 10703 10804 11001 10900
10139 10202 10304 10403 10501 10703 10804 11001 10900
10139 10204 10304 10404 10500 10701 10802 11001 10600 10900
10129 10204 10304 10401 10501 10701 10802 11001 10900
10119 10203 10304 10401 10501 10703 10804 11001 10900
10129 10203 10304 10403 10501 10702 10803 11001 10900
10139 10204 10304 10402 10501 10703 10803 11001 10600 10900
10129 10203 10304 10401 10501 10703 10802 11001 10900
10149 10204 10304 10479 10501 10701 10804 11001 10900
10129 10202 10301 10402 10501 10703 10803 11001 10600 10900
10139 10202 10302 10403 10501 10702 10803 11001 10900
10129 10202 10303 10402 10501 10703 10803 11001 10900
10139 10202 10304 10401 10501 10703 10804 11001 10600 10900
10139 10204 10304 10404 10501 10702 10804 11001 10900
10149 10204 10303 10479 10501 10702 10804 11001 10600 10900
10149 10204 10304 10402 10501 10701 10804 11001 10600 10900
10139 10204 10304 10402 10500 10701 10804 11001 10600 10900
10149 10204 10304 10416 10501 10701 10804 11001 10900
10139 10202 10302 10456 10501 10703 10804 11001 10600 10900
10139 10204 10304 10403 10501 10701 10804 11001 10900
10139 10204 10304 10456 10500 10701 10804 11001 10600 10900
10139 10204 10304 10403 10500 10701 10803 11001 10900
10129 10203 10304 10401 10501 10702 10804 11001 10900
10129 10204 10304 10401 10501 10703 10804 11001 10900
10129 10202 10304 10402 10501 10701 10803 11001 10900
10129 10203 10303 10401 10501 10703 10801 11001 10900
10139 10204 10304 10401 10501 10701 10804 11001 10900
10139 10204 10304 10402 10501 10702 10804 11001 10900
10139 10203 10303 10402 10501 10703 10804 11001 10600 10900
10139 10204 10304 10403 10501 10701 10804 11001 10900
10149 10204 10304 10403 10501 10701 10804 11001 10900
10149 10204 10304 10404 10501 10701 10804 11001 10900
10149 10204 10304 10479 10500 10701 10804 11001 10900
10139 10204 10304 10404 10501 10701 10804 11001 10600 10900
10139 10204 10304 10402 10501 10701 10804 11001 10900
10139 10204 10304 10403 10501 10701 10804 11001 10900
10139 10204 10304 10403 10501 10701 10804 11001 10900
10139 10204 10304 10404 10500 10701 10804 11001 10900
10139 10204 10304 10402 10501 10701 10804 11001 10900
10129 10203 10303 10401 10500 10702 10804 11001 10600 10900
10139 10204 10303 10479 10501 10701 10804 11001 10900
10129 10201 10304 10401 10501 10704 10802 11001 10600
10149 10202 10304 10479 10501 10701 10804 11001 10900
10139 10204 10304 10403 10500 10704 10804 11001 10600 10900
10139 10202 10303 10402 10501 10703 10803 11001 10900
10139 10204 10304 10404 10501 10703 10803 11001 10900
10139 10204 10304 10404 10500 10701 10804 11001 10600 10900
10149 10204 10304 10479 10501 10701 10804 11001 10900
10139 10204 10304 10403 10501 10701 10804 11001 10900
10149 10204 10304 10456 10500 10701 10803 11001 10900
10129 10204 10304 10401 10501 10701 10804 11001 10900
10149 10204 10304 10456 10501 10701 10803 11001 10900
10149 10204 10304 10404 10501 10702 10803 11001 10600 10900
10119 10204 10304 10401 10501 10702 10803 11001 10900
10139 10201 10303 10479 10501 10702 10803 11001 10600
10129 10204 10304 10401 10501 10703 10802 11001 10900
10139 10203 10304 10479 10500 10701 10803 11001 10900
10139 10203 10303 10402 10501 10703 10803 11001 10600 10900
10149 10203 10304 10416 10501 10702 10803 11001 10600 10900
10139 10204 10304 10456 10501 10703 10803 11001 10600 10900
10149 10204 10304 10404 10501 10701 10803 11001 10900
10139 10203 10303 10404 10501 10703 10802 11001 10900
10129 10203 10304 10403 10501 10703 10804 11001 10900
10129 10204 10303 10403 10501 10703 10803 11001 10900
10149 10204 10304 10456 10500 10701 10804 11001 10600 10900
10139 10204 10304 10403 10501 10701 10804 11001 10900
10139 10204 10304 10456 10501 10702 10804 11001 10900
10129 10204 10304 10402 10501 10702 10804 11001 10900
10149 10204 10304 10404 10500 10701 10804 11001 10900
10139 10204 10304 10403 10501 10701 10804 11001 10900
10129 10204 10304 10401 10500 10702 10804 11001 10900
10149 10204 10304 10456 10501 10701 10804 11001 10600 10900
10129 10204 10304 10401 10501 10702 10804 11001 10600 10900
10139 10202 10301 10456 10501 10702 10801 11001 10900
10129 10204 10304 10402 10501 10701 10803 11001 10600 10900
10139 10202 10303 10479 10501 10703 10804 11001 10900
10129 10203 10303 10403 10501 10701 10802 11001 10900
10149 10202 10303 10456 10501 10701 10802 11001 10900
10139 10204 10304 10404 10501 10701 10804 11001 10900
10129 10204 10304 10401 10501 10701 10802 11001 10900
10139 10203 10304 10456 10501 10701 10803 11001 10600
10139 10204 10304 10403 10500 10703 10803 11001 10900
10139 10204 10304 10456 10501 10701 10803 11001 10600 10900
10129 10204 10304 10402 10501 10701 10804 11001 10900
10129 10203 10303 10402 10501 10703 10804 11001 10600 10900
10139 10204 10304 10402 10501 10701 10804 11001 10600 10900
10139 10204 10304 10403 10501 10702 10804 11001 10600 10900
10139 10204 10304 10402 10501 10701 10804 11001 10600 10900
10139 10204 10301 10404 10501 10703 10803 11001 10900
10139 10204 10304 10404 10500 10702 10804 11001 10900
10139 10204 10304 10403 10501 10703 10804 11001 10900
10139 10203 10304 10456 10500 10703 10803 11001 10900
10149 10202 10304 10416 10501 10702 10803 11001 10900
10139 10203 10303 10456 10501 10702 10803 11001 10900
10139 10204 10304 10456 10501 10701 10803 11001 10900
10129 10203 10301 10404 10501 10703 10801 11001 10900
10129 10203 10303 10402 10501 10703 10802 11001 10900
10129 10204 10304 10401 10501 10703 10804 11001 10900
10129 10203 10304 10401 10501 10704 10804 11001 10900
10139 10202 10303 10456 10501 10702 10801 11001 10600 10900
10149 10203 10303 10479 10501 10703 10804 11001 10900
10129 10204 10304 10402 10501 10701 10803 11001 10600 10900
10149 10202 10302 10479 10501 10702 10804 11001 10900
10139 10203 10302 10456 10501 10703 10802 11001 10900
10149 10203 10303 10479 10501 10702 10803 11001 10900
10149 10204 10304 10456 10501 10701 10804 11001 10600 10900
10149 10203 10304 10402 10501 10702 10804 11001 10600 10900
10149 10204 10304 10479 10501 10703 10802 11001 10900
10129 10202 10304 10402 10501 10703 10803 11001 10900
10129 10204 10304 10402 10501 10701 10803 11001 10600 10900
10139 10204 10304 10456 10501 10703 10804 11001 10900
10139 10203 10304 10404 10501 10701 10803 11001 10900
10129 10204 10304 10403 10501 10701 10804 11001 10900
10129 10203 10303 10401 10501 10703 10804 11001 10600 10900
10129 10204 10304 10401 10501 10701 10803 11001 10600 10900
10139 10203 10304 10479 10501 10702 10802 11001 10900
10139 10204 10304 10404 10500 10703 10803 11001 10900
10139 10204 10304 10456 10501 10703 10803 11001 10900
10149 10204 10304 10479 10501 10702 10804 11001 10900
10129 10204 10304 10401 10501 10701 10804 11001 10900
10129 10204 10304 10402 10500 10701 10803 11001 10900
10149 10204 10304 10404 10501 10701 10804 11001 10900
10149 10203 10304 10456 10501 10701 10803 11001 10900
10129 10204 10304 10401 10501 10701 10804 11001 10600 10900
10139 10204 10304 10403 10501 10703 10803 11001 10900
10129 10204 10304 10403 10501 10703 10803 11001 10600 10900
10149 10204 10304 10404 10501 10701 10804 11001 10600 10900
10129 10204 10304 10404 10501 10701 10803 11001 10900
10129 10202 10302 10401 10501 10703 10802 11001 10900
10139 10203 10303 10456 10501 10703 10803 11001 10600 10900
10139 10203 10304 10402 10501 10701 10804 11001 10900
10139 10204 10304 10456 10501 10703 10804 11001 10900
10129 10204 10303 10404 10501 10703 10802 11001 10600 10900
10139 10204 10304 10403 10501 10701 10804 11001 10600 10900
10149 10203 10303 10416 10501 10701 10804 11001 10900
10149 10203 10303 10456 10501 10701 10804 11001 10900
10149 10203 10304 10456 10501 10703 10802 11001
10149 10201 10301 10416 10501 10703 10803 11001 10900
10129 10204 10304 10401 10501 10701 10803 11001 10900
10129 10204 10304 10401 10500 10701 10804 11001 10600 10900
10139 10203 10304 10402 10500 10702 10803 11001 10900
10149 10203 10303 10404 10501 10702 10804 11001 10900
10139 10204 10304 10403 10500 10701 10804 11001 10600 10900
10139 10204 10304 10403 10500 10702 10804 11001 10900
10129 10204 10304 10401 10501 10702 10801 11001 10900
10139 10203 10304 10404 10500 10702 10804 11001 10600 10900
10129 10202 10303 10401 10501 10704 10804 11001 10600 10900
10149 10204 10304 10404 10500 10702 10804 11001 10600 10900
10139 10204 10304 10404 10500 10702 10804 11001 10600 10900
10149 10204 10304 10404 10500 10702 10804 11001 10600 10900
10149 10204 10304 10403 10500 10701 10804 11001 10900
10139 10204 10304 10403 10501 10702 10803 11001 10900
10129 10204 10304 10402 10501 10701 10803 11001 10600 10900
10149 10204 10304 10456 10501 10701 10804 11001 10900
10149 10204 10304 10479 10500 10701 10804 11001 10900
10129 10204 10304 10402 10501 10701 10803 11001 10900
10129 10204 10304 10401 10501 10701 10804 11001 10900
10149 10204 10304 10403 10501 10701 10804 11001 10600 10900
10139 10204 10304 10403 10501 10701 10804 11001 10900
10129 10204 10304 10401 10501 10701 10804 11001 10900
10139 10204 10303 10456 10501 10702 10804 11001 10900
10129 10204 10304 10402 10501 10703 10804 11001 10900
10149 10204 10304 10456 10501 10701 10804 11001 10900
10119 10204 10304 10401 10501 10702 10804 11001 10900
10139 10203 10304 10403 10501 10702 10802 11001 10900
10139 10203 10304 10456 10501 10701 10802 11001 10900
10129 10204 10304 10402 10501 10701 10803 11001 10600 10900
10149 10204 10304 10404 10501 10701 10804 11001 10900
10149 10204 10304 10456 10501 10701 10804 11001 10900
10149 10204 10304 10456 10501 10701 10803 11001 10900
10149 10204 10304 10403 10501 10701 10804 11001 10900
10139 10204 10304 10456 10501 10702 10804 11001 10900
10139 10202 10304 10403 10500 10703 10804 11001 10600
10139 10204 10302 10402 10500 10701 10803 11001 10900
10139 10204 10304 10403 10500 10703 10804 11001 10900
10149 10204 10304 10403 10500 10702 10804 11001 10900
10129 10204 10304 10402 10500 10701 10804 11001 10900
10149 10203 10304 10402 10500 10703 10804 11001 10900
10139 10204 10304 10401 10500 10702 10804 11001 10900
10139 10203 10304 10403 10500 10703 10804 11001 10600 10900
10139 10203 10304 10403 10500 10702 10804 11001 10900
10149 10204 10304 10456 10500 10702 10804 11001 10900
10149 10203 10303 10456 10500 10702 10804 11001 10900
10149 10204 10304 10456 10500 10702 10804 11001 10900
10139 10204 10304 10403 10500 10703 10804 11001 10600 10900
10139 10204 10304 10404 10500 10702 10804 11001 10600 10900
10149 10204 10304 10403 10500 10701 10804 11001 10600 10900
10139 10204 10304 10404 10500 10703 10804 11001 10900
10139 10203 10304 10479 10501 10702 10804 11001 10900
10149 10204 10303 10479 10501 10701 10804 11001 10600 10900
10139 10202 10302 10456 10501 10703 10804 11001 10900
10139 10204 10304 10456 10501 10703 10804 11001 10900
10139 10204 10304 10404 10501 10701 10804 11001 10900
10139 10204 10304 10456 10501 10701 10804 11001 10900
10139 10203 10303 10402 10501 10702 10803 11001 10900
10149 10204 10304 10404 10501 10701 10804 11001 10900
10139 10204 10304 10403 10500 10702 10804 11001 10900
10149 10204 10304 10456 10500 10701 10804 11001 10900
10149 10204 10304 10479 10501 10702 10804 11001 10900
10139 10204 10304 10402 10500 10702 10804 11001 10600 10900
10149 10204 10304 10404 10501 10701 10804 11001 10900
10139 10204 10304 10404 10500 10701 10804 11001 10900
10139 10204 10304 10456 10501 10701 10804 11001 10900
10149 10204 10304 10404 10501 10701 10804 11001 10900
10139 10204 10304 10403 10501 10701 10804 11001 10900
10139 10204 10304 10403 10500 10701 10804 11001 10900
10149 10204 10304 10403 10501 10701 10804 11001 10600 10900
10139 10203 10303 10456 10501 10703 10804 11001 10900
10139 10203 10303 10456 10501 10703 10804 11001 10900
10139 10202 10302 10479 10501 10702 10802 11001 10900
10129 10203 10302 10456 10501 10702 10804 11001 10900
10149 10201 10301 10479 10501 10703 10804 11001
10129 10202 10304 10403 10501 10701 10804 11001
10129 10203 10304 10456 10501 10701 10802 11001
10149 10204 10304 10404 10501 10701 10804 11001 10600 10900
10129 10203 10303 10404 10501 10703 10804 11002 10900
10129 10202 10302 10456 10501 10703 10801 11002 10900
10149 10203 10304 10456 10501 10701 10802 11002 10900
10139 10202 10302 10456 10501 10703 10801 11002 10900
10129 10204 10304 10401 10501 10701 10804 11002 10600 10900
10139 10204 10304 10402 10501 10701 10804 11002 10600 10900
10119 10202 10302 10401 10501 10703 10802 11002 10900
10129 10201 10302 10404 10501 10702 10803 11002 10900
10129 10202 10304 10401 10501 10701 10804 11002 10900
10129 10203 10303 10401 10501 10703 10803 11002 10900
10139 10202 10302 10404 10501 10702 10804 11002 10900
10149 10204 10304 10416 10501 10701 10804 11002 10900
10129 10202 10304 10403 10501 10703 10803 11002 10600 10900
10129 10204 10304 10402 10501 10703 10804 11002 10900
10129 10203 10304 10402 10501 10701 10803 11002 10900
10129 10204 10304 10401 10501 10703 10802 11002 10900
10139 10202 10303 10456 10501 10702 10803 11002 10600 10900
10129 10203 10303 10401 10501 10703 10803 11002 10600 10900
10129 10202 10303 10401 10501 10703 10801 11002 10900
10149 10204 10304 10403 10501 10701 10804 11002 10900
10139 10204 10304 10402 10501 10702 10804 11002 10900
10139 10204 10304 10401 10501 10701 10804 11002 10900
10129 10201 10304 10403 10501 10704 10804 11002
10139 10203 10304 10479 10501 10703 10804 11002 10900
10139 10203 10304 10456 10501 10702 10804 11002 10600 10900
10129 10202 10304 10403 10501 10704 10804 11002 10900
10139 10202 10304 10403 10501 10702 10804 11002 10900
10139 10202 10303 10456 10501 10703 10803 11002 10600 10900
10129 10203 10303 10402 10501 10702 10804 11002 10900
10129 10202 10304 10403 10501 10703 10804 11002 10900
10129 10203 10303 10402 10501 10703 10803 11002 10900
10149 10201 10303 10403 10501 10703 10802 11002 10900
10139 10203 10304 10404 10501 10701 10803 11002 10900
10149 10204 10303 10416 10501 10701 10804 11002 10900
10139 10204 10304 10456 10501 10701 10804 11002 10900
10139 10203 10303 10479 10501 10703 10804 11002 10900
10129 10203 10304 10403 10501 10701 10804 11002 10900
10139 10202 10302 10404 10501 10702 10801 11002 10900
10129 10202 10304 10404 10501 10702 10801 11002 10900
10129 10204 10303 10401 10501 10702 10802 11002 10900
10139 10204 10304 10404 10501 10701 10804 11002 10900
10139 10204 10304 10401 10500 10701 10804 11002 10900
10149 10204 10304 10402 10500 10701 10804 11002 10600 10900
10129 10203 10303 10401 10501 10703 10803 11002 10900
10139 10203 10303 10403 10501 10703 10803 11002 10900
10139 10204 10304 10456 10500 10701 10802 11002
10139 10204 10304 10404 10500 10701 10804 11002 10900
10149 10204 10304 10401 10501 10703 10803 11002 10900
10139 10203 10304 10403 10501 10703 10802 11002 10900
10129 10202 10304 10403 10501 10703 10803 11002 10900
10119 10204 10304 10401 10501 10701 10803 11002 10900
10139 10202 10303 10402 10501 10702 10803 11002 10900
10129 10202 10304 10403 10501 10703 10804 11002 10900
10129 10204 10304 10401 10501 10702 10803 11002 10900
10149 10204 10304 10479 10501 10702 10804 11002 10900
10129 10203 10304 10402 10501 10703 10802 11002 10900
10129 10204 10304 10402 10501 10701 10804 11002 10900
10139 10204 10303 10401 10501 10702 10802 11002 10600 10900
10129 10204 10304 10401 10501 10703 10801 11002 10900
10139 10202 10303 10479 10501 10703 10803 11002 10900
10129 10201 10302 10456 10501 10701 10802 11002 10600 10900
10129 10202 10303 10404 10501 10702 10801 11002 10900
10129 10203 10302 10402 10501 10702 10801 11002 10900
10129 10202 10303 10401 10501 10702 10801 11002 10900
10139 10203 10304 10404 10501 10702 10804 11002 10600 10900
10129 10203 10303 10403 10501 10702 10803 11002 10900
10129 10204 10304 10403 10501 10701 10804 11002 10900
10129 10204 10303 10402 10501 10703 10803 11002 10900
10139 10202 10303 10404 10501 10703 10802 11002 10900
10139 10203 10304 10402 10501 10701 10803 11002 10900
10139 10203 10303 10403 10501 10702 10801 11002
10129 10204 10304 10404 10501 10703 10804 11002 10900
10139 10203 10303 10479 10501 10703 10804 11002 10900
10149 10203 10303 10456 10501 10703 10803 11002 10600 10900
10139 10202 10304 10404 10501 10703 10803 11002 10900
10149 10204 10304 10403 10501 10701 10804 11002 10900
10139 10204 10304 10403 10500 10701 10804 11002 10900
10149 10204 10304 10456 10501 10701 10804 11002 10900
10139 10204 10304 10403 10500 10701 10804 11002 10900
10149 10204 10304 10404 10501 10701 10804 11002 10900
10149 10203 10304 10403 10501 10701 10804 11002 10600 10900
10129 10204 10304 10401 10501 10702 10803 11002 10900
10139 10204 10304 10403 10501 10701 10804 11002 10900
10129 10204 10304 10401 10500 10703 10803 11002 10900
10129 10204 10304 10401 10501 10701 10803 11002 10900
10129 10202 10303 10401 10501 10703 10802 11002 10600 10900
10129 10204 10304 10401 10501 10703 10803 11002 10900
10139 10204 10304 10404 10501 10701 10803 11002 10900
10139 10204 10304 10402 10501 10702 10802 11002 10600 10900
10129 10201 10302 10402 10501 10702 10801 11002 10900
10139 10203 10303 10456 10500 10703 10801 11002 10900
10119 10202 10304 10401 10501 10702 10803 11002 10900
10139 10202 10302 10479 10501 10702 10803 11002 10600 10900
10129 10202 10302 10402 10501 10703 10804 11002 10900
10119 10203 10303 10403 10501 10702 10803 11002 10900
10129 10202 10302 10456 10501 10703 10803 11002 10900
10139 10204 10304 10402 10500 10701 10804 11002 10600 10900
10139 10204 10304 10402 10501 10701 10803 11002 10600 10900
10129 10201 10303 10456 10501 10703 10803 11002 10900
10129 10203 10304 10401 10501 10702 10803 11002 10900
10139 10202 10304 10479 10501 10702 10803 11002 10900
10129 10202 10304 10401 10501 10703 10803 11002 10900
10139 10204 10304 10404 10501 10703 10802 11002 10900
10129 10203 10304 10404 10501 10702 10803 11002 10900
10139 10202 10303 10479 10501 10703 10803 11002 10900
10149 10204 10304 10416 10501 10701 10804 11002 10900
10139 10203 10304 10404 10501 10701 10804 11002 10900
10129 10204 10304 10402 10501 10703 10804 11002 10900
10129 10202 10304 10402 10501 10701 10804 11002 10900
10129 10204 10304 10402 10501 10701 10804 11002 10900
10139 10204 10304 10403 10501 10702 10804 11002 10900
10139 10203 10304 10404 10501 10703 10803 11002 10900
10129 10202 10303 10402 10501 10702 10801 11002 10900
10139 10204 10304 10404 10501 10701 10804 11002 10900
10139 10204 10304 10456 10501 10701 10804 11002 10900
10139 10204 10304 10402 10501 10703 10803 11002 10900
10149 10203 10304 10403 10501 10702 10803 11002 10900
10129 10204 10304 10401 10501 10701 10803 11002 10900
10129 10204 10304 10401 10501 10703 10803 11002 10900
10149 10203 10303 10479 10501 10701 10803 11002 10900
10129 10202 10302 10456 10501 10702 10804 11002 10600 10900
10129 10203 10304 10403 10501 10702 10803 11002 10900
10129 10203 10303 10403 10501 10703 10803 11002 10900
10139 10203 10304 10404 10501 10703 10803 11002 10900
10139 10204 10304 10456 10501 10702 10803 11002 10900
10149 10204 10304 10479 10501 10702 10804 11002 10900
10129 10204 10304 10401 10500 10701 10804 11002 10900
10139 10204 10304 10403 10501 10701 10804 11002 10900
10129 10204 10304 10403 10501 10703 10804 11002 10900
10129 10204 10304 10402 10501 10701 10803 11002 10900
10139 10204 10304 10402 10500 10701 10803 11002 10900
10129 10203 10304 10404 10501 10703 10803 11002 10900
10139 10204 10304 10402 10501 10703 10804 11002 10600 10900
10149 10203 10304 10479 10501 10701 10804 11002 10600 10900
10139 10204 10303 10404 10501 10703 10804 11002 10900
10139 10204 10304 10403 10501 10701 10804 11002 10600 10900
10139 10204 10304 10402 10500 10701 10803 11002 10600 10900
10139 10204 10304 10403 10501 10701 10804 11002 10600 10900
10129 10204 10304 10402 10501 10701 10803 11002 10900
10139 10204 10304 10403 10501 10702 10804 11002 10900
10149 10204 10304 10404 10501 10701 10804 11002 10900
10139 10204 10304 10456 10501 10702 10804 11002 10900
10139 10204 10304 10404 10501 10701 10804 11002 10900
10129 10203 10303 10403 10501 10702 10802 11002 10900
10129 10201 10303 10402 10501 10703 10801 11002 10900
10129 10202 10302 10402 10501 10702 10803 11002 10900
10139 10203 10304 10403 10501 10702 10803 11002 10900
10129 10202 10302 10402 10501 10703 10802 11002
10139 10204 10304 10402 10501 10701 10804 11002 10900
10139 10203 10304 10456 10501 10703 10801 11002 10900
10139 10203 10303 10403 10501 10703 10802 11002 10600 10900
10149 10203 10304 10456 10501 10701 10804 11002 10600 10900
10129 10203 10303 10403 10501 10702 10801 11002 10600 10900
10119 10204 10304 10402 10501 10701 10804 11002 10900
10129 10204 10304 10456 10501 10702 10804 11002 10900
10129 10204 10304 10401 10500 10701 10803 11002 10600 10900
10129 10203 10303 10403 10501 10702 10801 11002 10900
10139 10204 10304 10403 10501 10702 10804 11002 10900
10139 10202 10302 10479 10501 10702 10801 11002 10900
10129 10202 10302 10401 10501 10704 10803 11002 10900
10139 10202 10303 10479 10501 10703 10801 11002 10600 10900
10129 10202 10303 10402 10501 10703 10801 11002 10900
10139 10202 10302 10456 10501 10703 10804 11002 10900
10139 10202 10304 10403 10501 10703 10804 11002 10900
10139 10204 10304 10402 10501 10701 10804 11002 10600 10900
10129 10202 10303 10404 10501 10703 10803 11002 10900
10129 10202 10304 10404 10501 10702 10804 11002 10600 10900
10129 10203 10303 10401 10501 10702 10802 11002 10900
10119 10203 10303 10401 10501 10702 10801 11002 10900
10139 10201 10302 10456 10501 10702 10802 11002
10129 10203 10303 10403 10501 10703 10802 11002 10900
10149 10203 10304 10456 10501 10701 10803 11002 10900
10119 10203 10304 10401 10501 10702 10801 11002 10900
10129 10202 10304 10403 10501 10703 10803 11002 10900
10129 10203 10303 10401 10501 10703 10802 11002 10900
10129 10204 10304 10401 10501 10703 10803 11002 10900
10129 10202 10304 10403 10501 10703 10802 11002 10900
10139 10201 10303 10404 10501 10703 10804 11002 10900
10139 10201 10301 10403 10501 10704 10802 11002
10129 10203 10304 10402 10501 10703 10803 11002 10900
10129 10203 10304 10402 10501 10702 10803 11002 10900
10139 10203 10303 10403 10501 10703 10801 11002 10900
10129 10203 10304 10456 10501 10701 10802 11002 10900
10129 10201 10303 10404 10501 10703 10803 11002 10900
10129 10203 10304 10402 10501 10701 10803 11002 10900
10129 10203 10303 10403 10501 10703 10803 11002 10900
10139 10204 10304 10403 10501 10701 10804 11002 10900
10129 10204 10304 10401 10501 10702 10804 11002 10600 10900
10119 10204 10304 10401 10501 10702 10804 11002 10900
10129 10202 10303 10456 10501 10702 10804 11002 10900
10129 10203 10304 10402 10501 10703 10803 11002 10900
10129 10203 10303 10401 10501 10703 10803 11002 10900
10149 10201 10304 10479 10501 10702 10801 11002 10900
10139 10202 10304 10403 10501 10702 10803 11002 10900
10129 10204 10304 10403 10501 10703 10804 11002
10129 10202 10303 10402 10501 10702 10803 11002 10900
10139 10204 10304 10456 10501 10703 10804 11002 10600 10900
10129 10203 10303 10403 10501 10702 10801 11002 10900
10139 10204 10303 10403 10501 10702 10804 11002 10900
10139 10201 10304 10404 10501 10703 10804 11002
10129 10204 10304 10402 10501 10702 10804 11002 10600 10900
10129 10203 10304 10402 10501 10703 10804 11002 10900
10129 10203 10304 10401 10501 10703 10804 11002 10900
10139 10202 10303 10404 10501 10702 10802 11002 10600 10900
10129 10201 10302 10403 10501 10703 10801 11002
10129 10203 10303 10401 10501 10702 10801 11002 10900
10129 10202 10303 10402 10501 10702 10804 11002 10900
10139 10202 10303 10403 10501 10702 10804 11002 10900
10139 10202 10302 10402 10501 10703 10804 11002 10900
10149 10204 10304 10479 10501 10701 10804 11002 10900
10129 10203 10303 10404 10501 10703 10804 11002 10900
10129 10203 10304 10401 10501 10701 10804 11002 10600 10900
10129 10203 10303 10456 10501 10703 10803 11002 10900
10129 10203 10304 10403 10501 10703 10803 11002 10900
10129 10202 10303 10403 10501 10703 10804 11002 10900
10129 10204 10304 10401 10500 10703 10804 11002 10900
10129 10202 10304 10402 10501 10703 10802 11002 10900
10129 10203 10304 10402 10501 10703 10803 11002 10900
10129 10203 10304 10403 10501 10703 10802 11002 10900
10139 10203 10304 10479 10501 10703 10802 11002 10900
10129 10203 10302 10402 10501 10703 10802 11002 10600 10900
10129 10204 10303 10401 10501 10703 10804 11002 10900
10139 10201 10304 10404 10501 10703 10802 11002 10900
10129 10202 10303 10402 10501 10703 10801 11002 10900
10129 10201 10302 10403 10501 10703 10802 11002 10600 10900
10129 10201 10302 10403 10501 10703 10802 11002
10129 10204 10304 10403 10501 10703 10803 11002 10900
10129 10203 10304 10456 10501 10702 10804 11002 10900
10129 10204 10304 10403 10501 10703 10802 11002 10900
10129 10202 10304 10404 10501 10703 10804 11002 10900
10129 10203 10303 10403 10501 10703 10803 11002 10900
10129 10202 10303 10402 10501 10703 10803 11002 10900
10129 10204 10303 10403 10501 10703 10803 11002 10900
10129 10204 10304 10403 10501 10701 10804 11002 10600 10900
10129 10203 10304 10404 10501 10701 10803 11002 10600 10900
10149 10204 10304 10456 10501 10701 10804 11002 10900
10129 10204 10304 10402 10501 10703 10804 11002 10900
10139 10203 10304 10456 10501 10701 10804 11002 10900
10129 10203 10304 10401 10501 10703 10802 11002 10900
10129 10201 10303 10401 10501 10703 10803 11002
10129 10203 10304 10401 10501 10703 10803 11002 10900
10129 10203 10303 10404 10501 10703 10803 11002 10900
10129 10203 10304 10401 10500 10701 10804 11002 10600 10900
10129 10203 10302 10401 10501 10703 10803 11002 10900
10129 10203 10303 10402 10500 10702 10803 11002 10900
10139 10204 10304 10403 10500 10702 10804 11002 10600 10900
10129 10203 10304 10403 10501 10703 10804 11002 10600 10900
10139 10204 10304 10404 10501 10702 10803 11002 10900
10139 10203 10304 10456 10501 10703 10802 11002 10900
10139 10204 10304 10402 10500 10703 10803 11002 10600 10900
10129 10202 10304 10401 10501 10703 10803 11002 10900
10139 10203 10303 10402 10500 10703 10804 11002 10900
10139 10204 10303 10402 10500 10703 10804 11002 10900
10139 10202 10302 10404 10500 10703 10802 11002 10900
10139 10204 10304 10402 10500 10703 10804 11002 10900
10149 10204 10303 10404 10501 10701 10803 11002 10900
10139 10204 10304 10402 10501 10701 10804 11002 10600 10900
10149 10204 10304 10456 10501 10701 10804 11002 10900
10129 10203 10303 10401 10501 10702 10802 11002 10900
10139 10203 10304 10402 10501 10701 10802 11002 10900
10129 10203 10304 10402 10501 10701 10803 11002 10900
10129 10204 10304 10401 10500 10703 10801 11002 10900
10129 10201 10302 10403 10501 10702 10803 11002 10900
10129 10201 10303 10402 10501 10703 10802 11002 10900
10129 10204 10304 10404 10501 10702 10803 11002 10900
10129 10203 10303 10402 10501 10702 10803 11002 10900
10129 10204 10304 10402 10501 10703 10803 11002 10600 10900
10139 10203 10303 10403 10501 10703 10801 11002
10139 10201 10303 10404 10501 10703 10803 11002 10900
10139 10202 10304 10456 10501 10703 10804 11002 10900
10129 10202 10303 10456 10501 10703 10803 11002 10900
10129 10204 10304 10402 10501 10701 10804 11002 10900
10139 10204 10304 10403 10500 10702 10804 11002 10600 10900
10149 10204 10304 10456 10501 10701 10803 11002 10900
10129 10204 10304 10402 10501 10701 10804 11002 10600 10900
10129 10203 10304 10402 10500 10703 10804 11002 10900
10139 10204 10304 10402 10501 10704 10803 11002 10900
10149 10204 10304 10456 10501 10701 10804 11002 10900
10119 10204 10304 10401 10501 10703 10802 11002 10900
10149 10203 10304 10402 10500 10703 10803 11002 10900
10139 10201 10302 10456 10501 10702 10802 11002
10129 10202 10302 10401 10501 10703 10802 11002 10900
10139 10201 10302 10456 10500 10702 10803 11002 10900
10139 10203 10304 10456 10500 10703 10804 11002 10900
10149 10202 10303 10456 10500 10703 10804 11002 10600 10900
10149 10201 10302 10456 10501 10703 10803 11002 10900
10139 10204 10304 10403 10500 10703 10804 11002 10900
10139 10203 10304 10403 10500 10703 10804 11002 10900
10139 10203 10304 10404 10500 10702 10804 11002 10900
10139 10204 10304 10403 10500 10703 10804 11002 10900
10129 10202 10303 10404 10501 10703 10802 11002 10900
10129 10204 10304 10402 10500 10702 10804 11002 10900
10149 10204 10304 10404 10500 10701 10804 11002 10900
10139 10204 10303 10403 10500 10702 10804 11002 10900
10149 10203 10303 10402 10500 10703 10804 11002 10600 10900
10129 10204 10304 10403 10500 10703 10804 11002 10600 10900
10129 10203 10303 10403 10501 10702 10804 11002 10600 10900
10139 10204 10304 10456 10501 10702 10802 11002 10900
10129 10202 10304 10404 10501 10703 10804 11002 10900
10139 10201 10303 10456 10501 10703 10802 11002 10900
10119 10202 10302 10400 10501 10703 10802 11002 10600 10900
10129 10203 10303 10401 10501 10703 10802 11002 10900
10129 10202 10302 10401 10501 10703 10801 11002 10900
10129 10202 10303 10402 10501 10703 10802 11002 10600 10900
10129 10202 10302 10401 10501 10703 10803 11002 10900
10139 10201 10302 10404 10501 10704 10804 11002 10600 10900
10139 10203 10304 10404 10501 10703 10802 11002 10900
10139 10202 10303 10456 10501 10704 10802 11002 10900
10139 10203 10304 10404 10501 10703 10803 11002 10600 10900
10129 10203 10304 10403 10501 10703 10804 11002 10900
10129 10203 10304 10404 10501 10702 10804 11002 10900
10139 10201 10302 10402 10501 10702 10804 11002 10600 10900
10129 10203 10303 10402 10501 10702 10803 11002 10900
10139 10203 10302 10479 10501 10703 10804 11002 10600 10900
10129 10202 10302 10401 10501 10703 10802 11002 10900
10149 10202 10303 10456 10501 10703 10803 11002 10900
10149 10203 10303 10479 10500 10702 10804 11002 10900
10139 10202 10304 10479 10501 10701 10804 11002 10900
10149 10202 10304 10403 10500 10703 10804 11002 10900
10139 10204 10304 10403 10501 10701 10804 11002 10600 10900
10129 10203 10304 10404 10501 10702 10803 11002 10900
10129 10203 10304 10401 10500 10702 10804 11002 10900
10139 10204 10304 10404 10501 10701 10804 11002 10600 10900
10129 10202 10302 10403 10501 10703 10803 11002 10600 10900
10139 10203 10303 10404 10501 10702 10802 11002 10600 10900
10139 10204 10304 10403 10501 10701 10804 11002 10600 10900
10139 10203 10304 10456 10501 10701 10804 11002 10900
10139 10204 10304 10402 10501 10703 10804 11002 10900
10139 10204 10304 10401 10501 10701 10804 11002 10900
10129 10204 10304 10402 10501 10702 10804 11002 10900
10139 10204 10304 10402 10501 10701 10804 11002 10900
10129 10201 10302 10402 10501 10703 10804 11002 10900
10139 10204 10304 10403 10501 10701 10804 11002 10900
10129 10204 10304 10403 10501 10703 10804 11002 10900
10129 10202 10303 10403 10501 10703 10802 11002 10600 10900
10139 10204 10304 10403 10500 10703 10803 11002 10600
10129 10203 10304 10402 10501 10702 10804 11002 10900
10149 10204 10304 10403 10501 10701 10804 11002 10900
10129 10203 10304 10403 10501 10703 10802 11002 10900
10139 10204 10304 10403 10500 10703 10804 11002 10900
10139 10204 10304 10403 10500 10702 10804 11002 10900
10139 10204 10304 10402 10501 10702 10804 11002 10900
10139 10204 10304 10403 10501 10701 10804 11002 10600 10900
10139 10204 10304 10404 10500 10701 10804 11002 10600 10900
10129 10204 10304 10401 10501 10701 10804 11002 10900
10139 10204 10304 10403 10501 10704 10804 11002 10900
10129 10202 10303 10456 10501 10702 10803 11002 10900
10129 10203 10302 10456 10501 10702 10802 11002 10900
10129 10202 10303 10403 10501 10702 10803 11002 10900
10129 10203 10304 10403 10501 10701 10804 11002 10900
10139 10203 10304 10403 10500 10703 10804 11002 10600 10900
10149 10203 10304 10479 10501 10703 10804 11002 10900
10129 10204 10304 10401 10501 10701 10804 11002 10900
10129 10202 10301 10403 10501 10703 10801 11002 10600
10129 10202 10303 10404 10501 10703 10802 11002 10600 10900
10129 10202 10303 10456 10501 10702 10804 11002 10900
10139 10202 10304 10416 10501 10701 10804 11002
10149 10201 10302 10479 10501 10703 10804 11002 10600
10139 10202 10302 10456 10501 10703 10801 11000 10600
10149 10203 10302 10416 10501 10702 10803 11000 10900
10129 10202 10304 10401 10501 10701 10801 11000 10600 10900
10129 10204 10304 10400 10501 10703 10804 11000 10600 10900
10129 10202 10302 10402 10501 10703 10803 11000 10900
10149 10201 10301 10401 10501 10703 10803 11000 10600
10129 10204 10304 10400 10501 10701 10804 11000 10600 10900
10139 10203 10304 10402 10501 10703 10803 11000 10900
10149 10204 10304 10401 10501 10703 10804 11000 10900
10149 10202 10303 10402 10501 10701 10804 11000 10900
10129 10202 10304 10403 10501 10703 10804 11000 10900
10129 10202 10302 10401 10501 10703 10802 11000 10900
10129 10203 10304 10404 10501 10701 10804 11000 10900
10139 10201 10302 10416 10501 10702 10803 11000 10900
10129 10204 10304 10402 10501 10703 10802 11000 10900
10129 10204 10304 10400 10501 10703 10802 11000 10900
10129 10203 10304 10400 10501 10703 10803 11000 10900
10139 10204 10304 10401 10501 10701 10803 11000 10900
10139 10202 10303 10401 10501 10703 10803 11000 10900
10139 10202 10304 10403 10501 10701 10803 11000 10900
10129 10201 10302 10404 10501 10701 10804 11000
10149 10202 10304 10401 10501 10702 10803 11000 10900
10129 10203 10304 10400 10501 10701 10803 11000 10600 10900
10129 10204 10304 10401 10501 10703 10803 11000 10600 10900
10129 10204 10304 10401 10500 10702 10804 11000 10600 10900
10139 10204 10304 10402 10500 10701 10804 11000 10900
10139 10202 10302 10456 10501 10703 10802 11000 10600
10149 10202 10302 10456 10500 10702 10802 11000 10900
10149 10202 10302 10479 10501 10701 10803 11000 10900
10149 10203 10304 10416 10501 10703 10803 11000 10900
10139 10203 10304 10456 10501 10702 10802 11000 10600 10900
10139 10203 10304 10400 10501 10703 10804 11000 10900
10149 10202 10303 10404 10501 10702 10803 11000 10900
10149 10202 10302 10404 10501 10703 10801 11000 10900
10149 10204 10304 10401 10501 10702 10804 11000 10900
10149 10204 10304 10404 10500 10701 10804 11000 10900
10149 10204 10304 10403 10501 10701 10804 11000 10900
10139 10204 10304 10402 10501 10701 10804 11000 10900
10129 10203 10303 10401 10501 10702 10804 11000 10600 10900
10129 10203 10304 10400 10501 10702 10803 11000 10600 10900
10149 10202 10303 10403 10500 10702 10803 11000 10900
10129 10203 10303 10402 10501 10703 10802 11000 10600 10900
10129 10202 10304 10400 10501 10703 10804 11000 10600 10900
10149 10201 10301 10400 10500 10702 10801 11000 10600 10900
10139 10204 10304 10403 10501 10702 10803 11000 10600 10900
10149 10201 10304 10479 10501 10701 10802 11000 10900
10129 10202 10303 10401 10501 10703 10801 11000 10900
10129 10203 10304 10401 10500 10702 10802 11000 10900
10139 10201 10302 10400 10501 10703 10803 11000 10600 10900
10149 10204 10304 10456 10501 10701 10803 11000 10900
10139 10203 10304 10404 10501 10701 10803 11000 10900
10139 10201 10304 10402 10501 10702 10802 11000 10900
10129 10204 10304 10400 10501 10702 10804 11000 10600 10900
10139 10202 10303 10479 10501 10703 10803 11000
10129 10204 10304 10401 10501 10701 10804 11000 10900
10149 10201 10302 10479 10501 10702 10802 11000
10149 10201 10304 10479 10501 10701 10804 11000
10129 10203 10304 10402 10501 10701 10803 11000 10900
10139 10201 10301 10479 10501 10702 10803 11000 10900
10129 10204 10304 10401 10501 10703 10804 11000 10900
10149 10204 10304 10401 10501 10701 10804 11000 10600 10900
10139 10201 10303 10401 10501 10703 10804 11000 10900
10129 10203 10303 10404 10501 10702 10804 11000 10900
10149 10202 10303 10416 10501 10702 10803 11000 10900
10129 10203 10304 10402 10501 10701 10803 11000 10900
10139 10201 10304 10401 10501 10703 10803 11000 10900
10149 10201 10302 10479 10501 10703 10801 11000
10149 10201 10304 10479 10501 10702 10803 11000 10900
10139 10204 10304 10404 10501 10702 10804 11000 10900
10129 10202 10303 10402 10501 10703 10801 11000 10900
10149 10201 10301 10456 10501 10702 10803 11000
10149 10201 10302 10402 10501 10702 10803 11000
10129 10203 10304 10401 10501 10703 10803 11000 10600 10900
10149 10203 10304 10456 10501 10702 10803 11000 10900
10139 10201 10302 10479 10501 10703 10803 11000
10149 10203 10304 10400 10501 10701 10803 11000 10900
10149 10204 10304 10403 10500 10702 10804 11000 10900
10139 10201 10301 10456 10501 10703 10801 11000
10139 10203 10304 10479 10501 10703 10804 11000 10900
10139 10202 10301 10456 10501 10702 10803 11000 10900
10129 10203 10304 10403 10501 10701 10801 11000 10900
10149 10204 10304 10456 10500 10701 10804 11000 10600 10900
10139 10204 10304 10401 10501 10701 10804 11000 10600 10900
10139 10204 10304 10456 10501 10701 10804 11000 10900
10129 10202 10304 10400 10501 10703 10801 11000 10900
10139 10204 10302 10400 10501 10703 10803 11000 10600 10900
10129 10204 10304 10402 10501 10701 10804 11000 10600 10900
10149 10202 10304 10479 10501 10702 10803 11000 10900
10149 10203 10301 10456 10501 10703 10802 11000 10900
10129 10201 10304 10400 10501 10704 10801 11000 10600 10900
10129 10202 10304 10400 10501 10702 10802 11000 10900
10129 10203 10304 10402 10501 10703 10803 11000 10900
10129 10203 10303 10456 10501 10703 10803 11000 10900
10129 10203 10303 10401 10501 10702 10802 11000 10900
10139 10201 10302 10456 10501 10702 10801 11000
10129 10203 10304 10401 10501 10703 10802 11000 10900
10129 10203 10304 10402 10501 10702 10804 11000 10900
10139 10203 10301 10401 10501 10702 10803 11000 10900
10129 10201 10303 10401 10501 10704 10802 11000 10900
10129 10203 10304 10404 10501 10703 10801 11000
10129 10204 10304 10401 10501 10701 10803 11000 10600 10900
10129 10204 10304 10403 10501 10701 10804 11000 10900
10129 10203 10304 10402 10501 10703 10802 11000 10900
10139 10203 10303 10401 10501 10703 10804 11000 10600 10900
10129 10204 10304 10400 10501 10702 10801 11000
10139 10202 10303 10456 10501 10702 10803 11000 10900
10149 10203 10304 10400 10501 10701 10803 11000 10900
10149 10202 10302 10479 10501 10702 10802 11000 10900
10139 10202 10303 10401 10501 10702 10801 11000 10900
10139 10204 10304 10403 10501 10701 10804 11000 10900
10139 10202 10302 10479 10501 10702 10803 11000 10600 10900
10129 10204 10304 10401 10501 10701 10803 11000 10600 10900
10119 10203 10304 10401 10501 10703 10803 11000 10900
10129 10202 10303 10402 10501 10703 10802 11000 10900
10129 10203 10304 10400 10501 10703 10803 11000 10600 10900
10129 10204 10304 10401 10501 10703 10804 11000 10900
10119 10204 10304 10401 10501 10701 10803 11000 10900
10129 10204 10304 10400 10501 10703 10804 11000 10900
10129 10204 10304 10456 10501 10701 10804 11000 10900
10139 10201 10303 10404 10501 10702 10802 11000 10600 10900
10139 10202 10303 10416 10501 10703 10804 11000 10900
10149 10202 10303 10456 10501 10703 10802 11000
10139 10203 10304 10404 10500 10702 10803 11000 10900
10149 10202 10304 10402 10501 10703 10802 11000
10139 10202 10302 10456 10501 10703 10804 11000 10900
10149 10203 10303 10456 10501 10702 10802 11000 10900
10139 10204 10304 10402 10501 10701 10802 11000 10900
10149 10201 10302 10402 10501 10703 10801 11000 10900
10149 10204 10304 10403 10501 10701 10804 11000 10600 10900
10129 10204 10304 10402 10501 10701 10803 11000 10900
10139 10202 10304 10456 10501 10703 10804 11000 10600 10900
10149 10201 10303 10479 10501 10701 10803 11000 10600 10900
10149 10204 10304 10456 10501 10701 10803 11000 10900
10129 10203 10304 10400 10501 10703 10804 11000 10600 10900
10129 10203 10304 10400 10501 10703 10803 11000 10900
10129 10202 10303 10401 10501 10704 10804 11000 10600 10900
10129 10203 10304 10401 10500 10702 10802 11000 10900
10139 10203 10304 10404 10501 10702 10804 11000 10600 10900
10149 10203 10304 10416 10501 10701 10804 11000 10900
10149 10202 10303 10416 10501 10703 10801 11000 10900
10129 10202 10304 10401 10501 10703 10804 11000 10900
10149 10204 10304 10401 10500 10701 10804 11000 10900
10149 10201 10303 10416 10501 10702 10804 11000 10900
10139 10204 10304 10403 10501 10701 10804 11000 10900
10139 10204 10304 10403 10500 10701 10803 11000 10600 10900
10149 10204 10304 10401 10501 10701 10804 11000 10600 10900
10129 10202 10303 10401 10501 10703 10804 11000 10600
10149 10204 10304 10401 10501 10701 10804 11000 10900
10129 10203 10303 10401 10501 10702 10804 11000 10600 10900
10139 10204 10303 10403 10501 10703 10802 11000 10600 10900
10139 10203 10303 10402 10501 10703 10803 11000 10600 10900
10129 10203 10304 10402 10501 10703 10803 11000 10900
10149 10204 10304 10416 10501 10701 10803 11000 10900
10129 10202 10303 10403 10501 10703 10804 11000 10900
10129 10203 10302 10401 10501 10703 10803 11000 10600 10900
10129 10204 10304 10400 10500 10702 10804 11000 10600 10900
10139 10203 10304 10403 10500 10702 10804 11000 10600 10900
10139 10203 10303 10403 10500 10702 10803 11000 10600
10149 10203 10302 10456 10501 10704 10804 11000 10900
10149 10203 10304 10402 10500 10703 10804 11000 10900
10129 10203 10304 10400 10501 10703 10803 11000 10900
10129 10204 10304 10404 10501 10701 10804 11000 10900
10139 10202 10302 10403 10500 10702 10804 11000 10600 10900
10149 10203 10304 10403 10500 10702 10804 11000 10900
10149 10203 10304 10404 10500 10702 10804 11000 10900
10139 10204 10304 10401 10500 10701 10804 11000 10900
10139 10203 10303 10404 10500 10703 10802 11000 10600
10149 10203 10304 10479 10501 10703 10803 11000 10900
10139 10201 10303 10404 10501 10703 10804 11000 10600 10900
10139 10201 10301 10456 10501 10703 10802 11000 10900
10149 10201 10302 10479 10501 10703 10801 11000
10149 10202 10302 10479 10501 10703 10801 11000
10139 10203 10304 10404 10500 10703 10801 11000
10119 10202 10304 10401 10501 10703 10804 11000 10900
10119 10203 10302 10401 10501 10703 10801 11000 10900
10129 10202 10302 10401 10501 10703 10801 11000
10139 10202 10302 10402 10501 10702 10804 11000 10900
10149 10201 10303 10403 10501 10702 10804 11000 10600 10900
10129 10203 10303 10402 10501 10702 10804 11000 10900
10129 10203 10302 10400 10501 10702 10802 11000 10900
10129 10203 10304 10400 10501 10703 10804 11000 10600 10900
10149 10202 10302 10456 10501 10702 10802 11000
10129 10203 10304 10401 10500 10702 10803 11000 10900
10149 10204 10304 10400 10500 10703 10804 11000 10600 10900
10129 10203 10304 10402 10501 10703 10804 11000 10900
10139 10203 10302 10401 10501 10703 10804 11000 10900
10129 10204 10304 10403 10500 10701 10804 11000 10600 10900
10129 10202 10303 10400 10501 10703 10804 11000 10900
10129 10204 10304 10402 10501 10701 10803 11000 10900
10139 10203 10304 10400 10501 10703 10804 11000 10900
10129 10203 10304 10402 10501 10702 10802 11000 10900
10129 10204 10304 10400 10500 10702 10804 11000 10900
10129 10202 10301 10400 10501 10702 10802 11000 10900
10149 10204 10304 10401 10501 10701 10804 11000 10900
10149 10204 10304 10401 10501 10701 10804 11000 10900
10129 10204 10304 10456 10501 10703 10804 11000 10600 10900
10129 10202 10302 10404 10501 10703 10804 11000 10900
10139 10203 10303 10456 10501 10702 10803 11000 10900
10149 10202 10303 10456 10501 10701 10801 11000 10900
10139 10203 10304 10402 10501 10701 10804 11000 10900
10129 10201 10303 10401 10501 10703 10801 11000 10900
10129 10204 10304 10403 10501 10701 10802 11000 10900
10149 10201 10301 10404 10501 10702 10802 11000 10900
10149 10201 10301 10479 10501 10701 10801 11000
10139 10202 10302 10416 10501 10703 10802 11000 10900
10139 10201 10303 10404 10501 10702 10802 11000
10149 10201 10302 10402 10501 10702 10804 11000 10900
10129 10204 10304 10403 10501 10701 10804 11000 10900
10149 10201 10301 10400 10501 10703 10802 11000 10900
10149 10204 10304 10456 10501 10701 10804 11000 10900
10139 10203 10303 10403 10501 10703 10804 11000 10900
10149 10201 10302 10456 10501 10702 10802 11000 10600
10129 10202 10304 10403 10501 10703 10802 11000 10900
10139 10204 10304 10400 10500 10702 10804 11000 10600 10900
10149 10204 10304 10404 10501 10703 10804 11001 10900
10139 10204 10304 10403 10501 10701 10804 11001 10900
10139 10204 10304 10404 10501 10703 10803 11001 10900
10149 10204 10304 10456 10501 10701 10803 11001 10900
10149 10203 10304 10404 10501 10703 10804 11001 10900
10129 10204 10304 10401 10501 10701 10803 11001 10900
10129 10203 10304 10403 10501 10701 10804 11001 10900
10129 10204 10304 10401 10501 10701 10803 11001 10900
10139 10204 10304 10403 10501 10701 10804 11001 10600 10900
10149 10202 10302 10479 10501 10703 10803 11001 10900
10149 10204 10304 10404 10501 10701 10804 11001 10900
10139 10202 10302 10479 10501 10703 10804 11001 10900
10139 10204 10304 10456 10501 10701 10804 11001 10600 10900
10129 10202 10304 10402 10501 10701 10804 11001 10900
10149 10204 10304 10403 10501 10701 10804 11001 10900
10129 10203 10303 10402 10501 10703 10804 11001 10900
10139 10204 10304 10404 10501 10701 10802 11001 10900
10129 10204 10304 10403 10501 10701 10803 11001 10900
10129 10204 10304 10402 10500 10701 10804 11001 10900
10139 10204 10304 10403 10501 10702 10801 11001 10900
10139 10204 10304 10404 10501 10702 10804 11001 10900
10129 10203 10304 10403 10501 10702 10803 11001 10900
10149 10201 10304 10402 10501 10701 10803 11001 10900
10129 10204 10304 10403 10501 10701 10804 11001 10900
10129 10203 10304 10402 10501 10703 10803 11001 10900
10149 10204 10304 10479 10501 10701 10804 11001 10900
10139 10203 10303 10404 10501 10703 10803 11001 10600 10900
10129 10203 10301 10401 10501 10703 10803 11001 10600 10900
10139 10202 10303 10404 10501 10701 10802 11001 10900
10129 10204 10304 10401 10501 10702 10802 11001 10600 10900
10139 10203 10304 10403 10500 10701 10804 11001 10900
10139 10203 10304 10479 10500 10702 10803 11001 10900
10129 10204 10304 10401 10501 10701 10804 11001 10900
10149 10201 10303 10404 10501 10701 10804 11001 10900
10149 10203 10303 10479 10501 10701 10801 11001 10900
10129 10204 10304 10401 10501 10702 10804 11001 10900
10129 10204 10304 10401 10501 10703 10803 11001 10600 10900
10139 10203 10304 10404 10501 10703 10803 11001 10900
10129 10203 10304 10402 10501 10701 10804 11001 10900
10129 10204 10304 10401 10501 10702 10803 11001 10600 10900
10139 10204 10304 10479 10501 10701 10804 11001 10900
10129 10203 10304 10403 10501 10701 10804 11001 10900
10149 10204 10304 10404 10500 10702 10804 11001 10900
10149 10204 10304 10403 10501 10702 10803 11001 10600 10900
10129 10203 10304 10403 10501 10701 10803 11001 10900
10129 10204 10304 10401 10501 10701 10804 11001 10600 10900
10139 10204 10304 10402 10500 10701 10803 11001 10600 10900
10129 10204 10304 10401 10500 10701 10804 11001 10900
10139 10204 10304 10404 10501 10702 10803 11001 10900
10149 10204 10304 10403 10501 10701 10804 11001 10900
10139 10204 10304 10404 10501 10701 10804 11001 10900
10139 10202 10304 10404 10500 10703 10802 11001 10900
10139 10204 10304 10403 10501 10703 10804 11001 10900
10139 10204 10304 10456 10501 10702 10804 11001 10900
10129 10204 10304 10401 10501 10703 10803 11001 10900
10139 10202 10302 10479 10501 10702 10802 11001 10900
10149 10204 10304 10404 10500 10702 10804 11001 10600 10900
10139 10201 10302 10479 10501 10703 10801 11001 10600 10900
10129 10204 10304 10403 10501 10703 10802 11001 10900
10129 10203 10303 10402 10501 10701 10803 11001 10900
10129 10203 10303 10402 10501 10703 10803 11001 10900
10139 10202 10303 10456 10501 10703 10801 11001
10139 10204 10304 10403 10501 10703 10803 11001 10900
10129 10203 10304 10403 10501 10701 10804 11001 10900
10139 10204 10304 10402 10501 10703 10804 11001 10600 10900
10139 10204 10304 10403 10500 10702 10804 11001 10900
10129 10203 10304 10403 10501 10701 10803 11001 10900
10149 10204 10304 10456 10501 10701 10803 11001 10900
10149 10203 10303 10456 10501 10703 10802 11001 10600 10900
10149 10203 10304 10456 10501 10703 10802 11001 10900
10129 10204 10304 10402 10501 10702 10804 11001 10900
10149 10204 10304 10403 10501 10701 10804 11001 10600 10900
10139 10203 10304 10402 10501 10701 10804 11001 10900
10129 10204 10304 10401 10500 10702 10803 11001 10900
10129 10203 10304 10402 10500 10702 10803 11001 10900
10139 10202 10301 10456 10501 10702 10802 11001 10600 10900
10129 10202 10302 10404 10501 10703 10804 11001 10900
10129 10204 10304 10401 10501 10701 10804 11001 10900
10149 10203 10304 10403 10500 10702 10804 11001 10900
10129 10203 10304 10402 10500 10703 10803 11001 10900
10129 10204 10304 10401 10501 10703 10804 11001 10600 10900
10139 10202 10302 10404 10501 10704 10803 11001
10139 10204 10304 10403 10500 10702 10804 11001 10900
10139 10204 10304 10456 10501 10701 10804 11001 10900
10139 10203 10304 10456 10501 10703 10804 11001 10900
10129 10204 10304 10402 10501 10701 10803 11001 10900
10149 10204 10304 10403 10500 10701 10804 11001 10900
10129 10203 10301 10402 10501 10703 10804 11001 10600 10900
10139 10204 10304 10404 10501 10702 10804 11001 10900
10149 10204 10304 10479 10501 10701 10804 11001 10600 10900
10139 10204 10304 10404 10501 10703 10803 11001 10600 10900
10139 10203 10303 10404 10501 10701 10803 11001 10900
10139 10204 10304 10403 10501 10703 10804 11001 10600 10900
10149 10204 10304 10404 10500 10702 10804 11001 10600 10900
10149 10203 10303 10456 10500 10701 10803 11001 10900
10139 10204 10304 10404 10500 10702 10804 11001 10900
10139 10204 10304 10403 10500 10702 10804 11001 10600 10900
10149 10203 10303 10404 10500 10703 10804 11001 10900
10149 10202 10304 10456 10500 10702 10803 11001 10900
10149 10204 10304 10456 10501 10701 10804 11001 10900
10149 10204 10304 10456 10500 10701 10804 11001 10900
10139 10204 10304 10402 10500 10703 10802 11001 10600 10900
10149 10202 10303 10401 10500 10702 10804 11001 10900
10149 10204 10304 10404 10500 10701 10804 11001 10900
10139 10204 10304 10403 10501 10701 10804 11001 10900
10139 10201 10302 10456 10501 10703 10804 11001 10900
10139 10203 10302 10456 10501 10703 10803 11002 10900
10139 10203 10303 10456 10501 10701 10804 11002 10900
10129 10204 10304 10402 10501 10703 10803 11002 10600 10900
10129 10203 10303 10401 10500 10703 10802 11002 10900
10139 10204 10303 10479 10501 10703 10803 11002 10900
10139 10204 10304 10403 10501 10701 10804 11002 10600 10900
10139 10202 10302 10456 10501 10702 10802 11002 10600
10139 10202 10303 10479 10501 10703 10803 11002 10900
10119 10203 10304 10401 10501 10703 10803 11002 10900
10139 10202 10304 10403 10501 10703 10804 11002 10900
10149 10204 10304 10456 10500 10701 10804 11002 10900
10139 10202 10302 10404 10501 10703 10803 11002 10900
10129 10201 10302 10403 10501 10703 10802 11002 10900
10129 10202 10304 10403 10501 10701 10803 11002 10900
10139 10203 10304 10404 10501 10701 10804 11002 10600 10900
10149 10203 10304 10404 10501 10703 10804 11002 10600 10900
10129 10202 10303 10403 10501 10703 10803 11002 10900
10129 10203 10304 10401 10501 10703 10804 11002 10600 10900
10139 10204 10304 10456 10501 10701 10804 11002 10600 10900
10129 10204 10304 10402 10501 10703 10803 11002 10900
10129 10202 10304 10403 10501 10703 10803 11002 10900
10139 10204 10304 10404 10501 10701 10803 11002 10900
10139 10202 10303 10479 10501 10703 10803 11002 10900
10139 10203 10303 10456 10501 10703 10803 11002 10900
10139 10203 10303 10416 10501 10701 10802 11002 10900
10149 10204 10304 10404 10500 10702 10803 11002 10900
10139 10202 10303 10456 10501 10702 10803 11002 10900
10129 10204 10304 10403 10501 10703 10803 11002 10900
10129 10204 10304 10402 10501 10702 10803 11002 10900
10129 10201 10302 10403 10501 10703 10802 11002 10900
10119 10202 10303 10401 10501 10703 10801 11002 10900
10129 10203 10302 10401 10501 10703 10801 11002
10129 10202 10304 10402 10501 10702 10804 11002 10900
10129 10204 10304 10401 10501 10702 10804 11002 10600 10900
10149 10204 10304 10402 10501 10701 10804 11002 10900
10129 10204 10304 10401 10501 10701 10804 11002 10900
10139 10203 10304 10403 10500 10703 10803 11002 10900
10139 10202 10303 10403 10501 10703 10803 11002 10900
10129 10204 10304 10402 10501 10703 10803 11002 10900
10129 10202 10304 10404 10501 10703 10802 11002 10900
10129 10203 10304 10404 10501 10703 10801 11002 10900
10129 10203 10303 10402 10501 10703 10802 11002 10900
10129 10201 10302 10401 10501 10703 10803 11002 10900
10129 10204 10304 10401 10501 10702 10804 11002 10900
10139 10203 10303 10404 10501 10703 10802 11002 10600 10900
10129 10204 10304 10401 10501 10702 10803 11002 10900
10129 10204 10304 10402 10501 10701 10802 11002 10900
10149 10204 10304 10456 10501 10701 10804 11002 10600 10900
10129 10202 10303 10403 10501 10702 10804 11002 10900
10129 10203 10303 10401 10501 10703 10802 11002 10900
10139 10202 10302 10456 10501 10702 10803 11002 10600 10900
10129 10203 10304 10403 10501 10702 10804 11002 10900
10129 10204 10304 10402 10501 10703 10803 11002 10900
10139 10204 10304 10402 10501 10701 10804 11002 10600 10900
10139 10203 10303 10404 10501 10702 10803 11002 10600 10900
10129 10203 10303 10402 10501 10702 10802 11002 10600 10900
10129 10203 10304 10456 10501 10703 10803 11002 10900
10139 10203 10303 10404 10501 10702 10801 11002 10900
10139 10204 10304 10401 10501 10703 10802 11002 10600 10900
10139 10204 10304 10401 10500 10701 10804 11002 10900
10139 10201 10302 10404 10501 10703 10803 11002 10900
10139 10201 10302 10404 10501 10703 10801 11002
10139 10202 10302 10479 10501 10702 10802 11002 10600
10129 10203 10304 10402 10501 10702 10804 11002 10600 10900
10139 10204 10304 10403 10501 10701 10804 11002 10900
10129 10204 10304 10401 10501 10702 10804 11002 10900
10139 10204 10304 10456 10501 10703 10803 11002 10900
10129 10203 10304 10402 10501 10702 10804 11002 10600 10900
10139 10204 10304 10402 10500 10701 10804 11002 10900
10139 10204 10304 10404 10501 10701 10804 11002 10600 10900
10139 10201 10302 10456 10501 10703 10803 11002 10900
10139 10204 10304 10403 10500 10702 10804 11002 10600 10900
10139 10202 10302 10402 10501 10703 10802 11002 10900
10129 10203 10303 10402 10501 10702 10802 11002
10119 10203 10303 10401 10501 10702 10802 11002 10900
10139 10203 10302 10403 10501 10703 10803 11002 10900
10139 10202 10303 10456 10501 10703 10802 11002 10600 10900
10129 10203 10303 10402 10501 10703 10801 11002 10900
10129 10202 10304 10479 10501 10703 10803 11002 10900
10129 10203 10303 10401 10501 10703 10801 11002 10900
10129 10203 10304 10404 10501 10703 10804 11002 10900
10139 10203 10304 10403 10501 10703 10803 11002 10900
10129 10203 10304 10402 10501 10703 10803 11002 10900
10129 10204 10304 10403 10501 10703 10802 11002 10900
10139 10202 10304 10456 10501 10701 10804 11002 10900
10149 10201 10303 10479 10501 10703 10803 11002 10600 10900
10139 10201 10301 10456 10501 10703 10803 11002 10900
10139 10202 10303 10456 10501 10702 10804 11002 10900
10139 10204 10304 10403 10501 10702 10804 11002 10900
10129 10204 10304 10404 10501 10703 10804 11002 10900
10129 10204 10304 10402 10501 10703 10803 11002 10900
10129 10204 10304 10402 10501 10702 10803 11002 10900
10139 10203 10304 10403 10501 10703 10804 11002 10900
10129 10203 10303 10403 10501 10703 10803 11002 10900
10129 10204 10303 10402 10501 10702 10803 11002 10600 10900
10139 10203 10304 10479 10501 10703 10804 11002 10900
10129 10204 10303 10402 10501 10703 10802 11002 10900
10149 10202 10302 10456 10501 10702 10804 11002 10900
10149 10204 10304 10456 10501 10703 10802 11002 10900
10149 10201 10304 10456 10501 10702 10804 11002 10600 10900
10149 10204 10304 10456 10501 10703 10804 11002 10900
10139 10202 10303 10403 10500 10703 10802 11002
10139 10202 10303 10456 10501 10703 10804 11002 10900
10139 10204 10304 10402 10500 10701 10804 11002 10900
10129 10202 10304 10402 10501 10703 10802 11002 10900
10139 10202 10303 10404 10501 10702 10803 11002 10900
10129 10203 10304 10403 10501 10703 10801 11002 10900
10139 10204 10304 10404 10501 10703 10804 11002 10600 10900
10149 10204 10303 10456 10501 10703 10804 11002 10600 10900
10139 10204 10303 10404 10501 10703 10803 11002 10900
10139 10202 10304 10456 10501 10703 10804 11002 10900
10129 10204 10304 10402 10500 10702 10804 11002 10600 10900
10129 10204 10304 10401 10500 10702 10804 11002 10600 10900
10149 10204 10304 10456 10500 10702 10804 11002 10900
10129 10204 10304 10401 10501 10701 10803 11002 10900
10139 10204 10304 10456 10501 10701 10804 11002 10900
10139 10202 10303 10456 10501 10703 10804 11002 10600 10900
10129 10204 10304 10401 10501 10701 10804 11002 10900
10139 10202 10304 10456 10501 10703 10803 11002 10900
10139 10203 10304 10456 10500 10701 10804 11002 10900
10129 10204 10304 10401 10500 10702 10804 11002 10600 10900
10129 10203 10303 10401 10500 10702 10804 11002 10600 10900
10149 10204 10304 10403 10500 10702 10804 11002 10900
10129 10202 10302 10400 10500 10704 10804 11002 10900
10129 10204 10304 10402 10501 10703 10804 11002 10900
10139 10204 10304 10403 10500 10703 10804 11002 10900
10149 10202 10303 10403 10500 10702 10804 11002 10600 10900
10139 10204 10304 10402 10500 10702 10804 11002 10600 10900
10139 10202 10303 10456 10501 10703 10803 11002 10900
10119 10204 10304 10401 10501 10702 10803 11002 10900
10129 10204 10304 10404 10501 10703 10803 11002 10900
10139 10202 10304 10404 10501 10702 10803 11002 10600 10900
10129 10203 10302 10404 10501 10703 10804 11002 10900
10129 10201 10303 10456 10501 10703 10804 11002 10900
10139 10203 10304 10456 10501 10701 10804 11002 10900
10139 10202 10302 10456 10501 10702 10803 11002 10900
10149 10202 10302 10404 10500 10702 10804 11002 10600 10900
10129 10203 10303 10456 10501 10702 10804 11002 10900
10129 10202 10302 10403 10501 10702 10802 11002
10139 10204 10304 10456 10500 10702 10804 11002 10600 10900
10129 10204 10303 10401 10501 10702 10802 11002 10900
10129 10204 10304 10404 10501 10701 10802 11002
10129 10204 10304 10401 10500 10702 10804 11002 10900
10139 10201 10303 10402 10501 10703 10804 11002 10900
10129 10202 10302 10401 10501 10702 10804 11002 10900
10129 10202 10304 10403 10501 10701 10803 11002 10900
10149 10202 10304 10456 10501 10702 10804 11002 10900
10129 10204 10304 10403 10501 10701 10804 11002 10900
10139 10204 10304 10402 10501 10702 10804 11002 10600 10900
10139 10204 10304 10403 10501 10701 10804 11002 10900
10139 10203 10303 10479 10501 10701 10804 11002 10600 10900
10139 10203 10303 10404 10501 10702 10802 11002 10600 10900
10119 10203 10303 10401 10501 10702 10804 11002 10900
